4.500000
24.500000
24.500000
24.500000
24.500000
24.500000
24.500000
24.500000
24.500000
24.500000
24.500000
24.500000
24.500000
24.500000
24.500000
24.500000
24.500000
24.500000
24.400000
24.400000
24.500000
24.400000
24.400000
24.400000
24.400000
24.400000
24.400000
24.400000
24.400000
24.400000
24.400000
24.400000
24.400000
24.400000
24.400000
24.400000
24.400000
24.400000
24.400000
24.400000
24.400000
24.400000
24.400000
24.299999
24.299999
24.299999
24.299999
24.299999
24.299999
24.299999
24.299999
24.299999
24.299999
24.299999
24.299999
24.299999
24.299999
24.299999
24.299999
24.299999
24.299999
24.299999
24.299999
24.299999
24.299999
224.699997
24.299999
24.200001
224.699997
224.699997
24.200001
224.699997
224.699997
24.200001
224.699997
224.699997
24.200001
24.200001
224.699997
24.200001
24.200001
224.699997
224.699997
24.200001
24.200001
224.699997
224.699997
224.699997
224.699997
224.699997
224.699997
224.699997
224.699997
224.699997
224.699997
224.699997
224.699997
224.699997
224.699997
224.699997
